191
10 0.00280165
11 0.00263627
12 0.00246862
13 0.00241803
14 0.00219374
15 0.00249203
16 0.00254036
17 0.00229833
18 0.00229796
19 0.00217449
20 0.00220658
21 0.00229418
22 0.00417604
23 0.00417113
24 0.0018543
25 0.00268686
26 0.00444601
27 0.0028564
28 0.00458987
29 0.0021254
30 0.00261021
31 0.00767433
32 0.00258454
33 0.00195134
34 0.00379355
35 0.00267252
36 0.00231797
37 0.00216203
38 0.00260191
39 0.00262834
40 0.0022315
41 0.0028024
42 0.00235648
43 0.00459478
44 0.00209897
45 0.00206801
46 0.00240104
47 0.00384
48 0.00220847
49 0.00272764
50 0.00227568
51 0.00241538
52 0.00343145
53 0.00349451
54 0.00211634
55 0.00216543
56 0.00222924
57 0.00253847
58 0.0035183
59 0.00200722
60 0.0020816
61 0.00205479
62 0.00255509
63 0.00243804
64 0.00287037
65 0.00211672
66 0.00303537
67 0.0038736
68 0.00391438
69 0.00258152
70 0.00194152
71 0.00235044
72 0.00258265
73 0.0030584
74 0.00251431
75 0.00234591
76 0.00232137
77 0.00246636
78 0.00221489
79 0.00232552
80 0.00305387
81 0.00330874
82 0.00211067
83 0.00213106
84 0.0092696
85 0.00200457
86 0.00241954
87 0.00244257
88 0.00207783
89 0.00205819
90 0.0022719
91 0.00230287
92 0.00226511
93 0.00223528
94 0.00474241
95 0.00218015
96 0.0019385
97 0.00223377
98 0.00232967
99 0.00222357
100 0.00233458
101 0.00203516
102 0.00257132
103 0.00221187
104 0.00212502
105 0.00221904
106 0.00203025
107 0.00197928
108 0.00215221
109 0.00237498
110 0.00224925
111 0.00228587
112 0.00226435
113 0.00229116
114 0.00201515
115 0.0020514
116 0.00204347
117 0.00266912
118 0.00208613
119 0.00251582
120 0.00266798
121 0.00206952
122 0.00211898
123 0.00228399
124 0.00218506
125 0.00187544
126 0.00384943
127 0.00225151
128 0.00189432
129 0.00297307
130 0.0025819
131 0.00417189
132 0.00248675
133 0.00232325
134 0.00214315
135 0.00221791
136 0.00260455
137 0.00249694
138 0.00316903
139 0.00257661
140 0.00210463
141 0.00198872
142 0.00214881
143 0.00208576
144 0.00218619
145 0.00201213
146 0.002085
147 0.00228663
148 0.00271934
149 0.00244332
150 0.00241349
151 0.00201137
152 0.00254565
153 0.00238065
154 0.00197626
155 0.00211068
156 0.00220696
157 0.00205593
158 0.00278239
159 0.00317923
160 0.00219903
161 0.00264533
162 0.00233609
163 0.00213031
164 0.00281109
165 0.00237725
166 0.00220432
167 0.00216278
168 0.00197626
169 0.00275747
170 0.00225189
171 0.00267289
172 0.00268913
173 0.00227001
174 0.00280618
175 0.00193397
176 0.00324417
177 0.00219412
178 0.0022281
179 0.0033212
180 0.00230249
181 0.00214164
182 0.0031022
183 0.00295419
184 0.00206008
185 0.00243917
186 0.00211332
187 0.00238669
188 0.00256188
189 0.00226511
190 0.00218091
191 0.00225189
192 0.00308785
193 0.00166626
194 0.00199136
195 0.00204875
196 0.0016859
197 0.00255207
198 0.00219941
199 0.00205932
200 0.00217335
