101
6 1.755422e-01
6 1.964184e-01
6 1.455764e-01
8 2.106182e-01
8 2.142604e-01
8 2.106870e-01
11 2.356308e-01
11 2.291600e-01
11 4.102906e-01
14 2.692834e-01
14 2.786200e-01
14 2.865000e-01
16 3.165226e-01
16 3.495002e-01
17 3.717616e-01
19 3.952680e-01
19 3.942854e-01
19 3.725328e-01
22 4.564386e-01
22 4.683246e-01
22 5.100716e-01
24 4.550404e-01
24 6.182558e-01
24 5.022132e-01
27 5.275064e-01
27 5.164342e-01
27 6.654732e-01
30 7.873352e-01
30 1.011713e+00
29 1.008214e+00
32 8.198920e-01
32 9.102696e-01
32 1.091213e+00
35 9.863494e-01
35 1.037614e+00
34 1.034747e+00
38 1.032466e+00
38 9.540452e-01
38 9.108292e-01
40 9.777436e-01
40 8.305964e-01
40 1.025497e+00
43 1.106371e+00
43 1.256033e+00
42 9.899720e-01
46 1.366972e+00
45 1.928357e+00
46 1.316002e+00
48 1.365100e+00
48 1.348940e+00
48 1.397669e+00
52 1.378824e+00
52 1.396728e+00
51 1.377732e+00
54 1.360600e+00
54 1.791504e+00
54 1.465936e+00
56 1.501008e+00
56 1.505303e+00
56 1.475719e+00
59 1.606509e+00
59 1.799940e+00
59 1.520945e+00
62 1.587303e+00
61 1.641684e+00
62 1.635284e+00
64 1.579485e+00
65 1.605827e+00
64 1.649808e+00
67 1.664921e+00
67 1.766599e+00
67 1.792434e+00
69 1.821931e+00
69 1.585989e+00
69 1.677244e+00
72 1.894659e+00
71 1.612298e+00
73 2.388830e+00
75 1.858539e+00
76 1.767468e+00
75 2.211529e+00
78 2.066373e+00
78 1.745386e+00
77 1.810634e+00
82 2.381222e+00
80 1.971105e+00
80 2.258390e+00
82 2.153302e+00
82 2.467279e+00
82 1.861577e+00
86 1.946350e+00
85 1.697498e+00
85 1.808944e+00
89 1.837416e+00
89 1.763848e+00
87 1.814571e+00
91 2.043763e+00
89 2.212834e+00
91 1.899419e+00
94 1.920778e+00
93 1.889945e+00
93 1.898044e+00
97 1.996884e+00
96 2.246792e+00
97 2.012067e+00
98 1.984802e+00
98 1.936075e+00
98 2.028134e+00
100 1.975923e+00
101 2.456513e+00
102 2.390564e+00
105 2.101421e+00
103 2.169843e+00
103 2.018823e+00
106 2.000419e+00
106 2.083014e+00
105 2.092911e+00
108 2.109045e+00
110 2.162541e+00
110 2.298283e+00
114 2.170773e+00
112 2.124252e+00
110 2.528827e+00
115 2.607195e+00
114 2.104120e+00
115 2.096785e+00
118 2.147426e+00
118 2.183379e+00
116 2.055570e+00
121 2.124660e+00
120 2.113166e+00
121 2.296773e+00
123 2.294358e+00
122 2.276002e+00
121 3.040180e+00
122 2.433943e+00
125 2.358893e+00
124 2.188668e+00
128 2.380114e+00
128 2.400585e+00
128 2.418720e+00
130 2.466811e+00
130 2.496817e+00
131 2.324531e+00
131 2.244985e+00
133 2.477730e+00
135 2.862053e+00
135 2.551142e+00
136 2.448133e+00
137 2.476757e+00
136 2.512638e+00
138 2.554302e+00
137 2.418955e+00
138 2.492714e+00
141 2.472122e+00
141 2.528492e+00
144 3.156824e+00
143 3.265546e+00
143 2.620059e+00
147 2.683982e+00
147 2.676699e+00
146 2.675471e+00
149 2.719783e+00
149 2.749972e+00
148 2.647497e+00
150 2.646446e+00
152 3.257203e+00
151 3.172982e+00
154 2.756635e+00
153 2.710423e+00
152 2.767865e+00
157 2.737773e+00
157 2.754547e+00
160 2.994869e+00
158 2.863877e+00
160 2.756009e+00
157 3.139723e+00
162 3.260878e+00
160 2.761484e+00
163 2.876816e+00
164 2.987004e+00
165 2.823633e+00
164 2.770570e+00
168 2.956244e+00
168 2.968325e+00
168 2.984775e+00
169 3.658023e+00
170 3.129996e+00
170 2.932073e+00
173 2.867625e+00
171 2.987888e+00
170 3.022604e+00
173 3.304284e+00
176 3.012158e+00
174 2.823306e+00
178 3.358207e+00
177 3.446303e+00
178 3.086517e+00
180 3.193413e+00
179 3.146760e+00
179 3.130278e+00
182 3.201422e+00
183 3.235436e+00
184 3.237612e+00
184 3.373230e+00
185 4.806593e+00
186 3.226364e+00
188 3.207907e+00
186 3.224951e+00
187 3.303180e+00
193 3.391918e+00
191 3.368031e+00
191 3.229923e+00
194 3.723404e+00
192 3.501104e+00
192 3.259387e+00
197 3.271128e+00
197 3.278711e+00
196 3.445404e+00
197 3.184291e+00
197 3.401341e+00
197 3.350253e+00
201 3.515277e+00
201 3.600667e+00
200 3.386104e+00
201 3.295798e+00
204 3.313578e+00
203 3.460420e+00
208 3.500703e+00
207 3.296706e+00
205 3.961088e+00
208 4.272447e+00
208 3.746560e+00
207 3.550215e+00
211 3.750057e+00
212 3.606294e+00
211 3.553059e+00
211 3.417987e+00
213 3.994977e+00
214 4.016824e+00
218 3.698229e+00
217 3.689622e+00
216 3.878358e+00
216 3.559621e+00
219 3.695305e+00
218 3.729454e+00
222 4.117696e+00
222 4.213231e+00
220 3.661575e+00
224 3.644141e+00
223 3.595894e+00
223 3.566228e+00
229 4.399970e+00
228 3.595568e+00
228 4.331841e+00
229 4.067895e+00
230 4.728002e+00
233 4.805002e+00
230 3.736188e+00
231 4.523615e+00
233 4.598164e+00
237 5.135860e+00
235 4.966569e+00
232 3.822095e+00
237 4.458993e+00
238 4.597266e+00
238 4.718752e+00
238 4.944765e+00
236 5.285196e+00
239 4.950935e+00
242 4.694469e+00
244 4.588040e+00
240 4.723505e+00
244 4.815946e+00
246 5.416451e+00
245 5.728533e+00
246 4.981493e+00
248 4.767272e+00
245 4.552946e+00
252 4.721914e+00
251 4.909169e+00
248 5.187548e+00
252 5.595252e+00
254 5.103121e+00
253 4.719794e+00
257 4.880486e+00
254 5.024082e+00
254 5.022851e+00
261 5.877990e+00
260 4.980196e+00
256 4.808698e+00
260 5.029106e+00
261 5.178813e+00
262 5.361858e+00
264 5.423874e+00
263 5.581318e+00
265 5.164884e+00
268 5.226569e+00
266 5.017606e+00
266 4.857526e+00
271 4.990847e+00
270 6.194372e+00
270 5.428771e+00