6.94318e-007 0.000833257 1 0.002545 0 0 0 0 0 0 0 191
6.70107e-007 0.000818601 2 0.00357884 -0.000232228 0 0 0 0 0 101 0
6.66158e-007 0.000816185 2 0.00288534 0 -3.25761e-006 0 0 0 0 123 0
6.69679e-007 0.000818339 3 0.00283104 1.64641e-005 -3.42217e-006 0 0 0 0 267 0
6.69271e-007 0.00081809 3 0.00298578 0 -1.05804e-005 1.32717e-006 0 0 0 323 0
6.64101e-007 0.000814924 4 -6.90656e-005 0.00152076 -0.000154564 2.39144e-005 0 0 0 483 0
6.6856e-007 0.000817655 3 0.00298375 0 -5.88004e-006 0 1.27139e-008 0 0 315 0
6.68207e-007 0.000817439 4 0.00231468 0 8.21318e-005 -2.01018e-005 1.24688e-007 0 0 608 0
6.64637e-007 0.000815253 5 -0.00330074 0.00388966 -0.000590024 0.000107919 -2.84292e-007 0 0 1030 0
0.000149842 0.012241 4 -0.0664301 0 0.00248857 0 -2.43724e-005 7.00949e-008 0 288 0
6.63938e-007 0.000814824 5 -0.00146525 0.00201885 -9.57321e-005 0 5.33329e-007 -1.14795e-009 0 1031 0
1.32464e-005 0.00363956 5 -0.0760517 0 0.0138671 -0.00363485 4.38018e-005 -7.50825e-008 0 512 0
6.67446e-007 0.000816974 6 -0.000425852 0.0010214 0.000155347 -5.41212e-005 9.2179e-007 -1.67013e-009 0 2131 0
6.82045e-005 0.0082586 5 -0.0693576 0 0.00401368 0 -6.75441e-005 4.39091e-007 -9.70538e-010 483 0
4.65936e-006 0.00215855 6 -0.079736 0 0.0185884 -0.00547903 0.000108753 -4.10025e-007 6.89584e-010 807 0
4.62772e-006 0.00215121 7 0.0493595 -0.154425 0.0657435 -0.0164365 0.00022884 -7.45461e-007 1.15847e-009 1768 0
